 0 0 0.1 20 1-t+4*y
 0 0 0.1 20 1-t+4*y
 0 0 0.1 20 1-t+4*y
 0 0 0.1 20 1-t+4*y
 0.0 0.1 0.23 0.402 0.6328 0 0.1 20 1-t+4*y 5
 0 0 0.1 20 1-t+4*y 6
 0 0 0.1 20 1-t+4*y 6
 0 0 0.1 20 1-t+4*y 6
 0 0 0.1 20 1-t+4*y 6
adam_multon 0.0 0.1 0.23 0.402 0.6328 0 0.1 20 1-t+4*y 6
adam_multon 0 0 0.1 20 1-t+4*y 6
adam_multon 0 0 0.1 20 1-t+4*y 6
adam_multon 0 0 0.1 20 1-t+4*y 6
adam_multon 0 0 0.1 20 1-t+4*y 6
 0.0 0.1 0.23 0.402 0.6328 0 0.1 20 1-t+4*y 6
 0 0 0.1 20 1-t+4*y 6
 0 0 0.1 20 1-t+4*y 6
 0 0 0.1 20 1-t+4*y 6
 0 0 0.1 20 1-t+4*y 6
